F1 mean for C=1:  0.004603581733407346
accuracy mean for C=1:  0.982471828611853
[  0  74  73  72  71  70  69  68  67  66  65  63  62  61  60  59  58  57
  56  55  54  53  75  76  77  78 100  99  98  97  96  95  94  93  92  91
  52  90  88  87  86  85  84  83  82  81  80  79  89 101  51  49  50  24
  23  22  21  20  19  18  27  16  13  12   8   7   5   3   2   1  15  28
 102  30  42  41  29  40  39  45  44  37  36  35  34  47  32  48  31  46
  43  17  14  38   6   4  10  33   9  64  25  26  11]
[  0  74  73  72  71  70  69  68  67  66  65  63  62  61  60  59  58  57
  56  55  54  53  75  76  77  78 100  99  98  97  96  95  94  93  92  91
  52  90  88  87  86  85  84  83  82  81  80  79  89 101  51  49  50  24
  23  22  21  20  19  18  27  16  13  12   8   7   5   3   2   1  15  28
 102  30  42  41  29  40  39  45  44  37  36  35  34  47  32  48  31  46
  43  17  14  38   6   4  10  33   9  64  25  26  11]
[  0  74  73  72  71  70  69  68  67  66  65  63  62  61  60  59  58  57
  56  55  54  53  75  76  77  78 100  99  98  97  96  95  94  93  92  91
  52  90  88  87  86  85  84  83  82  81  80  79  89 101  51  49  50  24
  23  22  21  20  19  18  27  16  13  12   8   7   5   3   2   1  15  28
 102  30  42  41  29  40  39  45  44  37  36  35  34  47  32  48  31  46
  43  17  14  38   6   4  10  33   9  64  25  26  11]
[  0  74  73  72  71  70  69  68  67  66  65  63  62  61  60  59  58  57
  56  55  54  53  75  76  77  78 100  99  98  97  96  95  94  93  92  91
  52  90  88  87  86  85  84  83  82  81  80  79  89 101  51  49  50  24
  23  22  21  20  19  18  27  16  13  12   8   7   5   3   2   1  15  28
 102  30  42  41  29  40  39  45  44  37  36  35  34  47  32  48  31  46
  43  17  14  38   6   4  10  33   9  64  25  26  11]
[  0  74  73  72  71  70  69  68  67  66  65  63  62  61  60  59  58  57
  56  55  54  53  75  76  77  78 100  99  98  97  96  95  94  93  92  91
  52  90  88  87  86  85  84  83  82  81  80  79  89 101  51  49  50  24
  23  22  21  20  19  18  27  16  13  12   8   7   5   3   2   1  15  28
 102  30  42  41  29  40  39  45  44  37  36  35  34  47  32  48  31  46
  43  17  14  38   6   4  10  33   9  64  25  26  11]
[  0  74  73  72  71  70  69  68  67  66  65  63  62  61  60  59  58  57
  56  55  54  53  75  76  77  78 100  99  98  97  96  95  94  93  92  91
  52  90  88  87  86  85  84  83  82  81  80  79  89 101  51  49  50  24
  23  22  21  20  19  18  27  16  13  12   8   7   5   3   2   1  15  28
 102  30  42  41  29  40  39  45  44  37  36  35  34  47  32  48  31  46
  43  17  14  38   6   4  10  33   9  64  25  26  11]
[  0  74  73  72  71  70  69  68  67  66  65  63  62  61  60  59  58  57
  56  55  54  53  75  76  77  78 100  99  98  97  96  95  94  93  92  91
  52  90  88  87  86  85  84  83  82  81  80  79  89 101  51  49  50  24
  23  22  21  20  19  18  27  16  13  12   8   7   5   3   2   1  15  28
 102  30  42  41  29  40  39  45  44  37  36  35  34  47  32  48  31  46
  43  17  14  38   6   4  10  33   9  64  25  26  11]
F1 mean for C=0.1:  0.10508444674940798
accuracy mean for C=0.1:  0.8545632415920107
F1 mean for C=0.01:  0.10423596441079772
accuracy mean for C=0.01:  0.966500295470057
F1 mean for C=1:  0.004603581733407346
accuracy mean for C=1:  0.982471828611853
F1 mean for C=0.1:  0.10508444674940798
accuracy mean for C=0.1:  0.8545632415920107
F1 mean for C=1:  0.004715100764712311
accuracy mean for C=1:  0.9824587045145193
F1 mean for C=0.1:  0.1051165648107555
accuracy mean for C=0.1:  0.8546731580075584
F1 mean for C=0.01:  0.10442723259714325
accuracy mean for C=0.01:  0.9665844418661561
